Pseudulus
561
571-573
593

Π 9

612

615

618

649

657

659

Π 3

669

685

688

700

709

713

1010

..111-

’ 9⁸8· 'Pneudhlus

156 rv 9
111 1061
111 11 6
11111 1161
10 1060
161 1161
161 1066
110 1111
11 1111
111 1111
11111. 1111
111 1111

156 1906-1907

101 1999
46. 69 1934

156 1936
59 n. 158 IV 8

141 1983
89155 1984
156 1317

Poenulus

166 ¹4

101 215
¹4⁰⁸9· 116-110

141 sq. 708

9⁸8· Poenulus
116 746
178 859
1131οζ 869
111. 169 879
109 874
99 875
66 889
99 893
79 906
99 910

2⁷ ⁸9· 919-929
1⁷⁰ 111-111
100 111
¹⁶9 116
165 965
47 988
113 1043
¹⁵⁵ 1011

⁹⁵ 1161 1061
3⁹ 1114

¹44 1166
⁶⁶ 1161
⁶³·⁸⁶ 1111

Ῑζέ 1110

67 Persa

99 de titulis

145 14
156 90
88 969
67 313
66 391
65 398
57 641
37 347
177 sq. 369
101 386

87
33

108

71

99

159

99

84

91

19

94. 156
67
7511. 176

 

