187

ΒΕ

mmmm mmmmm vwhmm m
68 440 567 153 10. 24. 42. 51
168 444 98 156 190
71 464 142 157 ’ 148
99 474 95 185 69

20. 61 475 160 189 2810.
71Μ &lm mm

61. 16) 488 10 194 16
68 490 178 211 4711.

waso 507 99 914 109
168 512 69 918 159

69170 516 95 920 106
70 518 99 996 74

15210. 521 168 Ι 9
147 56) 84 999
116 566564 1911160171 962
56 544 ,166 966
&bam lffispm
145 556 96 998
18 555
69 615
56 IV 4611.

87111 757
91 765

Ξέἓὲἓὲἐ

67 767
54 781 ,
V 9 tit.

ἐξ 1019

69 Pseudulus

169 01011

66100. 64

166 94
960 90. 55100. 66
264 171 46
267. 268 76182100. 62
271 83 062 128,sp 690-392 64-66. 167
111-110 . usq. 11 11 397 4469160
111 171 00 . . 177
978 164 86 ⁵1· 69
300. 001 79 01 9⁴· 145
603 165 96 158
308 63 102 43 462 89
609 67 161 67 466 6910. 65. 91
810 99 166 166 466 - 178
614 46. 68 12 106 446 161
619 139 168-140 9-12. 16. 26 461 6910. 66
697 67 144 156 664 176

 

