177

Epidicus 1³⁸6· Bacchides m· Menaechmi Μ·
160 947 96777. 1095 99
98 948 150 1046 149

⁶7 949 ¹⁷¹ Miles gloriosus

616· 77 777 ,43 7. 77 777
517 46 sq· Mostellaria 101

IV 1 tit. 165
⁶⁴⁵ 66. 6711.
571 Ι - 92
597-599 127 772 667

661 92 671

⁶⁰4 166 777

006 4877769166 679

614 65. 87 667

616 46 713

620 20777155 746

661 14677· 777. 761

624 151 766

666 46 766

681 47 786666.

666 66 766

⁷33 142 766

Bacchides 793

166 77 766

254 98 Menaechmi
278 sq. 47 n. 57 8

685 54 119

477 84 176

496 85 190

497 101 195

502 79 207

506 150 226

507. 5077 54192 246

512 sqq. 75191 257

519 68777151 264

77. ΠΙ 56 114 265

528 146 801

529 91. 145 941
540-551 121 453-458
77. IV 1.2 115 478

583 115 521

596 69 557

626 335. 587

725 115 n. 690
66176 114 825

783 80 876-888 1125. 554
808 94 986 99 560

 

