190-

61161111 111- Trinummus 9⁸8· Trinummus

V4 Imm lssffl

Μ mffifflvffl

Μ .“ Μη70 ὥηωΜ
{mmmm 101 717 90
24 25.69.7011.156. 748-760 10. 66-97

25 , 176111Ι 766 98
29 101 766 168170

99 1119 000 100
97 . 70 000 00
17 100 000 ⁴4
50 3 4711. 837. 838 171
11 · 111 911 17 n.
111 13 171 107
57 59 sq· 848 100. 176111.
71 103 ⁸4⁹· ⁸⁵0 00
111 161
11 - 57
00 &mmffll ’ m

90 107 405 ’ ⁸⁶
197 · > 100

181. 161 . ι 156
61
100
86
149
147
66. 171

⁸⁷ ¹¹· 1009 190

{Z} 1070 101

1111 1071 ’ 01
111 1077 99

89 660
96 640
89 649
67 661
69 669
89 669
89 669
148 676

101 1078 19. 60

170 sq. ¹¹⁸⁸

40n.80

163 Truculentus

101 111
86 126

96 160
60166 181
91 164
100 169
96164 190
166 197
96 209
71171. ,ΙΙΙ
97 213

99

167

= 160
4171. 177
61. 69
101. 109
4691. 94
71

167

106. 110. 160
166

 

