101

Truculentus' m· Truculentus 1²⁸8· Truculentus 9⁸2·
224 177 271 22 366 100
225 70 278 73 369 81
225-227 15 276 · 102 371 100
230 87 281 147 374 51Ι
281 30. 53 285 164 375 52
232 68 287 , 74. 83 378 31. 160
234 178 294 64 380 30
239 164 sq. 296 83 381 90146
245 23 sq. ,300 96169 382 95178
246 69 304 147 385 149
246-250 12-14. 30 305 95 388 163169
252 14 sq. 306 75171176 390 137
256 103 ’308 165 454 80
259 37 sqq. 310 100 Π7 109
261 47. 69. 75. 146 310-312 46 577 109
262 93 312 75176 579 ’ 76
263 51. 86 359 171 914 115
267 70. 95. 145 362 101 Vidularia

268 6116115. 363 3067160 Π29 84

 

